1000000
1000030
1000470
1001570
1002590
1003730
1003830
1003930
1004000
1004310
1004560
1004770
1005210
1005220
1005230
1005240
1006220
1006410
1007410
1007620
1007880
1008140
1009180
1009590
1009750
1009870
1010830
1010950
1011750
1012120
1012600
1013000
1014270
1016350
1016890
1017100
1017580
1017610
1018130
1019190
1020450
1020610
1022010
1022130
1022270
1022960
1023010
1023020
1023650
1025160
1025180
1025330
1026030
1026130
1026160
1026910
1027140
1027200
1027480
1028570
1029100
1029120
1029170
1029210
1029590
1029840
1029980
1031730
1031970
1032260
1032560
1032570
1033580
1033630
1033780
1034920
1035110
1035280
1035470
1035640
1035830
1035890
1036000
1036850
1036900
1036950
1037100
1037330
1037350
1037540
1038850
1039200
1039350
1040860
1041330
1041500
1042160
1042210
1042900
1043150
1043180
1044450
1045310
1045730
1046770
1047500
1047810
1048030
1048860
1049310
1049490
1049530
1049670
1050230
1050370
1050910
1051370
1052250
1052380
1052640
1052870
1053630
1054640
1054710
1055360
1055590
1055960
1056650
1056720
1057040
1057780
1058200
1058210
1058470
1058620
1058640
1058760
1059090
1059370
1059690
1060040
1060110
1060690
1061260
1062140
1062220
1062480
1062600
1062670
1063710
1063830
1064420
1064490
1065560
1066010
1066590
1067580
1068110
1069080
1069140
1069150
1069250
1069850
1070590
1070860
1071640
1071660
1071990
1072210
1072670
1072800
1073100
1073120
1073210
1073400
1073710
1074400
1074440
1076050
1076480
1076600
1077420
1077450
1077470
1077490
1077560
1078200
1078360
1078460
1079060
1079470
1079870
1079910
1081590
1082080
1082480
1082620
1083660
1084150
1084220
1084390
1084530
1084770
1085080
1085280
1085570
1085640
1085790
1085990
1086260
1086270
1086880
1087260
1087620
1088400
1088420
1088500
1088580
1089110
1089960
1090400
1090540
1090650
1091950
1092750
1092850
1093120
1093180
1093460
1093790
1094070
1094460
1095200
1095300
1095750
1096180
1096210
1097560
1098280
1098420
1098910
1099460
1099520
1101260
1102420
1102570
1102650
1102700
1102750
1103390
1103410
1103430
1103970
1104280
1104950
1106340
1107470
1108630
1109080
1109170
1109900
1110050
1110790
1110970
1111560
1112300
1113290
1113530
1113650
1114030
1114090
1114470
1114530
1114940
1115050
1115470
1115610
1115870
1116110
1116180
1116290
1116860
1117370
1117600
1117840
1117890
1118050
1118320
1118410
1118580
1118730
1119010
1119070
1120420
1120690
1121230
1122760
1123030
1123080
1123450
1123690
1123930
1124430
1124560
1125060
1125110
1125450
1126630
1126880
1127000
1127270
1127900
1128100
1128310
1129090
1129330
1129430
1130660
1130970
1131070
1131360
1131490
1132490
1132640
1133050
1134630
1135030
1135040
1135050
1135060
1135090
1135110
1135130
1135150
1135170
1135200
1135210
1135370
1135480
1135800
1135810
1136030
1136870
1137730
1138050
1138100
1138530
1138810
1140170
1140490
1140750
1140890
1141130
1141200
1141220
1141230
1141370
1141450
1142000
1142200
1142300
1142480
1142730
1142790
1143350
1143420
1143810
1143900
1144140
1144260
1144280
1144320
1144850
1144910
1144930
1145680
1146090
1147180
1147390
1147850
1148500
1148620
1149060
1149220
1150780
1150810
1151180
1151920
1152020
1152410
1152450
1153100
1153570
1154090
1154340
1154640
1155390
1155560
1155940
1156420
1156510
1156850
1156940
1157060
1157140
1157670
1157720
1157780
1157890
1158020
1159240
1160020
1160430
1160700
1160750
1161360
1161470
1161680
1161910
1162470
1162690
1162820
1163090
1163410
1163450
1163740
1164570
1164820
1164910
1165140
1165600
1165960
1167190
1167270
1167380
1167460
1169060
1169140
1170030
1170050
1170110
1170120
1171120
1171660
1172200
1172410
1172950
1173280
1173400
1173410
1173640
1173700
1174430
1174850
1175050
1175460
1175480
1175570
1175650
1177030
1177300
1177820
1177960
1178380
1179080
1179340
1180620
1180790
1181000
1181360
1181470
1182550
1182590
1183410
1184360
1184450
1184470
1184750
1184760
1185130
1185400
1185660
1185740
1185820
1186120
1186170
1186950
1186980
1187560
1188000
1188020
1188970
1189090
1189220
1190370
1190620
1190930
1191090
1191250
1191660
1193450
1193520
1193580
1193590
1194620
1194940
1195260
1197100
1197490
1198210
1198800
1199140
1199420
1200160
1200480
1200500
1200870
1201250
1201500
1202070
1203140
1203600
1203660
1204540
1204630
1204710
1204830
1205730
1206720
1207130
1207260
1207710
1207860
1208760
1209440
1209520
1210010
1210110
1210230
1210470
1210570
1210700
1211540
1212100
1212190
1212320
1212640
1212930
1213050
1213600
1214450
1214600
1214630
1214660
1214680
1215040
1215200
1215300
1215410
1215430
1215720
1216150
1216490
1216880
1216930
1217310
1217330
1217830
1217870
1217880
1218890
1218920
1218930
1219220
1219730
1220460
1220520
1220910
1221280
1222090
1222240
1222570
1223370
1224420
1224720
1225290
1225810
1226080
1226160
1226270
1226290
1226320
1226330
1226340
1226350
1227140
1228560
1228760
1229250
1229390
1229570
1229580
1230660
1230760
1230840
1231860
1231930
1233070
1233460
1233490
1233790
1234160
1234560
1234890
1234940
1235350
1235450
1235480
1236460
1237070
1237270
1237340
1237560
1237890
1238300
1238480
1238630
1238920
1239120
1239440
1240330
1240550
1241020
1241140
1241400
1243700
1243720
1243890
1244520
1244690
1245300
1245500
1245540
1246430
1246620
1247240
1247400
1248370
1248410
1248450
1248550
1248670
1248680
1249260
1249680
1250190
1250240
1250270
1251330
1251950
1252210
1252300
1252800
1253130
1253230
1253290
1254070
1254870
1256370
1256440
1257020
1257270
1257620
1257800
1258000
1258840
1258960
1259080
1259570
1259960
1260300
1260310
1260440
1260610
1260690
1260700
1260860
1261660
1262060
1262080
1262100
1263120
1263810
1264010
1264820
1264930
1265310
1265790
1265850
1266380
1266620
1267130
1267170
1267610
1269400
1269850
1269860
1270370
1271070
1271170
1271540
1272460
1272520
1272750
1273930
1274120
1274190
1274230
1274250
1274280
1274330
1274340
1275260
1275410
1277160
1280310
1280550
1280670
1281370
1281420
1281440
1281790
1282640
1282730
1283590
1284430
1285230
1285440
1285490
1285520
1285570
1285670
1285940
1285970
1286140
1286600
1286670
1286740
1286990
1287180
1287310
1287370
1287450
1288810
1288930
1289240
1289690
1289810
1290710
1290770
1290790
1290850
1291220
1291280
1292220
1292360
1293520
1293550
1293900
1294750
1295260
1296180
1296360
1296410
1296700
1296840
1296880
1298320
1298360
1298410
1298500
1298510
1298520
1298860
1299010
1299570
1299660
1299750
1300320
1300330
1300960
1301370
1302310
1303000
1303120
1303630
1303950
1304100
1304300
1304680
1304770
1305430
1305890
1306960
1307100
1307810
1308150
1308280
1308840
1308890
1309050
1309940
1310230
1310390
1310570
1310610
1312240
1312420
1312470
1312640
1313120
1313550
1314100
1314480
1314640
1314810
1314980
1315630
1316160
1316320
1318790
1319260
1319550
1319560
1319570
1320040
1320130
1320490
1320790
1321640
1321650
1321930
1322140
1322200
1322400
1322650
1322760
1322880
1323010
1323160
1323330
1323480
1323500
1323590
1323660
1323680
1323850
1323870
1324040
1324230
1324260
1324310
1324710
1325020
1325040
1325920
1326180
1326250
1326430
1326520
1326560
1326660
1326690
1326790
1327870
1327900
1328130
1328320
1328430
1328600
1329360
1330120
1330300
1331070
1331200
1332450
1332940
1333050
1333280
1333880
1334330
1334990
1335430
1336100
1336210
1336340
1337030
1337040
1337520
1337640
1337650
1337700
1338020
1338180
1338390
1338880
1338940
1339080
1339240
1339470
1339640
1339810
1340480
1340820
1341220
1341440
1341500
1341620
1341640
1341960
1343260
1344240
1345190
1345360
1345460
1345860
1346260
1346720
1346870
1347390
1347910
1348770
1348960
1349540
1349940
1350130
1350640
1352380
1352630
1352660
1353050
1354080
1354750
1355200
1356300
1356480
1356590
1356890
1357080
1357090
1357700
1358000
1358610
1360150
1360660
1360920
1361020
1361840
1361940
1362430
1362580
1362670
1363680
1363730
1364580
1364750
1365010
1366120
1366280
1366360
1366620
1366770
1366940
1367350
1367520
1367770
1367870
1368240
1368410
1369340
1369800
1369940
1370250
1370640
1370720
1371150
1371470
1371600
1371800
1372210
1372380
1372760
1372770
1372910
1373080
1373300
1373330
1373680
1373920
1374050
1374280
1374840
1375480
1375780
1375920
1376340
1376820
1376830
1376910
1377930
1378100
1378330
1378820
1378960
1379380
1379470
1379510
1379870
1380200
1380210
1380280
1380390
1380490
1380920
1381030
1381150
1381160
1382290
1382300
1382320
1383170
1383270
1384350
1384460
1384540
1385920
1386010
1386700
1387620
1387870
1388230
1388800
1389010
1389830
1389890
1390010
1390190
1390290
1390350
1391460
1391550
1391610
1392000
1392080
1392670
1393610
1393730
1393810
1393850
1394090
1394720
1395190
1395400
1395450
1396450
1396580
1396950
1397100
1397760
1397780
1397790
1397850
1398390
1398470
1399030
1399050
1399300
1399740
1400350
1400360
1400370
1400420
1400920
1401850
1402070
1402180
1402730
1402790
1403030
1403130
1403190
1403290
1403500
1403550
1403930
1404050
1404140
1404790
1404880
1405230
1405360
1405720
1405780
1406000
1406490
1407000
1408350
1408410
1408450
1408570
1408740
1408760
1409200
1409530
1410300
1410440
1410630
1411370
1411710
1411870
1412440
1412540
1413010
1413060
1413360
1413440
1413630
1413780
1413810
1414020
1414070
1414820
1415040
1415500
1415620
1415840
1416710
1416770
1417440
1417690
1417720
1417920
1418370
1419130
1419140
1420140
1420330
1420730
1420860
1421750
1422200
1424690
1425020
1425510
1427480
1428360
1428380
1428430
1428520
1428580
1428710
1428770
1428830
1428910
1429250
1429300
1429940
1430430
1431380
1432550
1432690
1432970
1433210
1433220
1433310
1433380
1433490
1433550
1433870
1434200
1434270
1434300
1434360
1434420
1434620
1434650
1434680
1434940
1435190
1435310
1435400
1435410
1435440
1435720
1436040
1436130
1436430
1437340
1437500
1437590
1438100
1438430
1438490
1438560
1438830
1439250
1439320
1439400
1439460
1439550
1439560
1439820
1439830
1440120
1440330
1440650
1440780
1440840
1440890
1441140
1441420
1441770
1442770
1442830
1442840
1444090
1444520
1444740
1444770
1445050
1445400
1446000
1446480
1446960
1447410
1447560
1447660
1448030
1448940
1448990
1449760
1450000
1450070
1450270
1451030
1452790
1453450
1453670
1454240
1454320
1454410
1455010
1455020
1455590
1455720
1455880
1456060
1456340
1456880
1456920
1457020
1457070
1457480
1457970
1457980
1458210
1458290
1459010
1459300
1459530
1459540
1459560
1459720
1459870
1460250
1460590
1461000
1461490
1461630
1462420
1462620
1462900
1463210
1463530
1463820
1464390
1464550
1465060
1465330
1465580
1465590
1466400
1466530
1467320
1468260
1468610
1468770
1469260
1469860
1470430
1470660
1470680
1470700
1471080
1471240
1471460
1471490
1471900
1472600
1472790
1473550
1473760
1473990
1474200
1474300
1475770
1475820
1476800
1477000
1477890
1479470
1480020
1480830
1480910
1480970
1481020
1481670
1481970
1482400
1482730
1482740
1483040
1483060
1484720
1486190
1486220
1486340
1486440
1486790
1486860
1487940
1488670
1488740
1489110
1489260
1489480
1489590
1489610
1490220
1490590
1490660
1490880
1490910
1491040
1491220
1491290
1491580
1492270
1492590
1492810
1493310
1493400
1493490
1493700
1493950
1494780
1495240
1495420
1495460
1495550
1495640
1495920
1496880
1498180
1498940
1499240
1499960
1500300
1500480
1501100
1501970
1501980
1502360
1502790
1502920
1503530
1504310
1504320
1504340
1505230
1505860
1506770
1506820
1507850
1507990
1508170
1508220
1508250
1508460
1508860
1508890
1509030
1509210
1509370
1509720
1510620
1510630
1511230
1512790
1513090
1513260
1513280
1513530
1513630
1513650
1513910
1514290
1514300
1514620
1514670
1514730
1515040
1515330
1515490
1515730
1516050
1516250
1516380
1516450
1518690
1519390
1519460
1519820
1519840
1519910
1520260
1520610
1520910
1522080
1522280
1522490
1522690
1522810
1522850
1522890
1523350
1523750
1524040
1524340
1524790
1526310
1526750
1527300
1527460
1527670
1527880
1528370
1528470
1528500
1528660
1528980
1529160
1529500
1529790
1529940
1530260
1531850
1532780
1532800
1532810
1533760
1534200
1534260
1534480
1534860
1535190
1536390
1536800
1536960
1537080
1537850
1537970
1538690
1538810
1539140
1539510
1539590
1539970
1540960
1541000
1541130
1541250
1541430
1541440
1541450
1541520
1542000
1542340
1542760
1543140
1544000
1544120
1545780
1546710
1546790
1546940
1547250
1547260
1547270
1547820
1547900
1548060
1549140
1551110
1551230
1552830
1553200
1554140
1555160
1555210
1555270
1555350
1555540
1555770
1557240
1557410
1557540
1557550
1558650
1559060
1559460
1559700
1559770
1560750
1560760
1560960
1561340
1561380
1561530
1561670
1561870
1561880
1561990
1562070
1562230
1562400
1562660
1562780
1562980
1563090
1563630
1563720
1564300
1564470
1564790
1564830
1565940
1565970
1566050
1566600
1566920
1567060
1567270
1567310
1567460
1567490
1568030
1568140
1568270
1568280
1568290
1568320
1568950
1569260
1569270
1569470
1570500
1570680
1570690
1571140
1571540
1571880
1572230
1574200
1574270
1575240
1575310
1575690
1577190
1577260
1577290
1577300
1577310
1577900
1577910
1578500
1578510
1578550
1580180
1580330
1580420
1581380
1581660
1581880
1582740
1582790
1583040
1583300
1583530
1583870
1584950
1585160
1585710
1586540
1586880
1586930
1587990
1588050
1588060
1588070
1588100
1588110
1588230
1588880
1589040
1589340
1589360
1589450
1589690
1589710
1590130
1590330
1590340
1590920
1591120
1591570
1592530
1592540
1592600
1592610
1592930
1593170
1595300
1595630
1595640
1595950
1596320
1597720
1597730
1598030
1598350
1598410
1598710
1598800
1598910
1599120
1599230
1599280
1599430
1599530
1600330
1600350
1600620
1600700
1600760
1601000
1602330
1602700
1602780
1602900
1603180
1603410
1603800
1604100
1604110
1604300
1604320
1604390
1605310
1605650
1606460
1607500
1608210
1608640
1609450
1609760
1609800
1610280
1610560
1611320
1612110
1612120
1612350
1612570
1612850
1613150
1613490
1613670
1613850
1614030
1615370
1615490
1616300
1616870
1617780
1618330
1618580
1618740
1619930
1620520
1620590
1620850
1620890
1620970
1621950
1622090
1622720
1625790
1625830
1626110
1626180
1627160
1627760
1627890
1628320
1629190
1629830
1631410
1631420
1631500
1631690
1631700
1631710
1631780
1631960
1632000
1632040
1632170
1632830
1633100
1633210
1634290
1635650
1636690
1636990
1637490
1637910
1638690
1639040
1639390
1639470
1639520
1640050
1640450
1641000
1641330
1641790
1641820
1641860
1642070
1642110
1642250
1643340
1643580
1644170
1644570
1644580
1644630
1644640
1644680
1644690
1645070
1645570
1645680
1645860
1645940
1646280
1646480
1646530
1647070
1647980
1648030
1649420
1649430
1649800
1649820
1650790
1650890
1651020
1651610
1651680
1651760
1652170
1652300
1652330
1652410
1652520
1653920
1654830
1654890
1655530
1655710
1655720
1656780
1656880
1656890
1657130
1657280
1657960
1658230
1658250
1658350
1658360
1658620
1658660
1659270
1659470
1659480
1659710
1659720
1660040
1660820
1660960
1661300
1661380
1661390
1661440
1661840
1661880
1661940
1662350
1662800
1662920
1662950
1663380
1663890
1664090
1664130
1664740
1665590
1666120
1666350
1666430
1666570
1666670
1666820
1666930
1667090
1667210
1667290
1668190
1668290
1669050
1669060
1669120
1669360
1669420
1669640
1669730
1671390
1671440
1671720
1672110
1672230
1673530
1673550
1673580
1673600
1674030
1675600
1676090
1676320
1676920
1677380
1677500
1677570
1678490
1678760
1678860
1679380
1680250
1680430
1681080
1681400
1681560
1681620
1682300
1682330
1682880
1682890
1683010
1683330
1683580
1683720
1684080
1684900
1684910
1684920
1685020
1685030
1685840
1685940
1686050
1686060
1686370
1686530
1686540
1686620
1686900
1687000
1687040
1687060
1687280
1687340
1687580
1687590
1688310
1688730
1689220
1689270
1689360
1689530
1689550
1689730
1689880
1689980
1690650
1690860
1690940
1691290
1691530
1691590
1691700
1692060
1692480
1692510
1692590
1692620
1693360
1693960
1694590
1694610
1696200
1696210
1697050
1697590
1697610
1697900
1698350
1698440
1698660
1698850
1699040
1699820
1699920
1700600
1701910
1703230
1703470
1703480
1703620
1704760
1704780
1705540
1705920
1706060
1706130
1706550
1706610
1707080
1707470
1708410
1708420
1708580
1708590
1708640
1708990
1709030
1709040
1709090
1709860
1709960
1710220
1710340
1710400
1710490
1710880
1710930
1711160
1712110
1712520
1712710
1712760
1712890
1713050
1713340
1713880
1713910
1714020
1714590
1714680
1715530
1715770
1716430
1716470
1716590
1716650
1716680
1716720
1716790
1717120
1717660
1717820
1719070
1719210
1719540
1719680
1720770
1721020
1721070
1721100
1721130
1721170
1721940
1722220
1722410
1722560
1722750
1723700
1724120
1724420
1724780
1725990
1726090
1727140
1727250
1727260
1727360
1727450
1727490
1727660
1728010
1728020
1728050
1728070
1728080
1728100
1728110
1728120
1728760
1728770
1729090
1729100
1729150
1729160
1729580
1729710
1730030
1730110
1730200
1731040
1731490
1731860
1732400
1732900
1733400
1733780
1734250
1734280
1734500
1734660
1734750
1735850
1736430
1736490
1736710
1736930
1737200
1738780
1739050
1739060
1739130
1739480
1739620
1740010
1740070
1740090
1740230
1740310
1740420
1740470
1742290
1742510
1742750
1743320
1743330
1744300
1744400
1745050
1745090
1745370
1745490
1745520
1745530
1746280
1746300
1746370
1746590
1746600
1746970
1748070
1748330
1748400
1749180
1749610
1750220
1750540
1751110
1751190
1751660
1751700
1751780
1752480
1752770
1753130
1753440
1754300
1754330
1754380
1754490
1755260
1755610
1755620
1756350
1756490
1757120
1757260
1757360
1757440
1758020
1758030
1758040
1758070
1758090
1758100
1758110
1758280
1758520
1759080
1759210
1759220
1759480
1760350
1760670
1760700
1760750
1762560
1763160
1763170
1763330
1763990
1764190
1764310
1764810
1765610
1765680
1765880
1766200
1766650
1766660
1766690
1766700
1766710
1766810
1767510
1768260
1768330
1769200
1769280
1769510
1770360
1770600
1771560
1771690
1771880
1772410
1772490
1772710
1772830
1773110
1773280
1773490
1774040
1774220
1774550
1775910
1776120
1776300
1776800
1776840
1776930
1777040
1777080
1777100
1777320
1777340
1777380
1778090
1778100
1778110
1778120
1778130
1778170
1778830
1779150
1779460
1779530
1779950
1780120
1780150
1780310
1780340
1780490
1780720
1781230
1781640
1781920
1781960
1782120
1782540
1782740
1785200
1785260
1785470
1785510
1786580
1786780
1786910
1786930
1787170
1787390
1787400
1787470
1787520
1787690
1789160
1789210
1789470
1790250
1790370
1790480
1790700
1790740
1790800
1790860
1791840
1792970
1793170
1793220
1793900
1793910
1793960
1793970
1794120
1794670
1794700
1795370
1795440
1795470
1795560
1795760
1796050
1796270
1797040
1797490
1797670
1797920
1798290
1798310
1798320
1798420
1798430
1798460
1798690
1798740
1798780
1799500
1800220
1800810
1800900
1801330
1802630
1803120
1803580
1803760
1803810
1803870
1804090
1804300
1804420
1804600
1805220
1805270
1805310
1805670
1805680
1805970
1805980
1805990
1806240
1806640
1806700
1807000
1807250
1807400
1807730
1808930
1809650
1809710
1810270
1810530
1810960
1812840
1812850
1812960
1812970
1813070
1813100
1813340
1813930
1813940
1813990
1814000
1814010
1814850
1814860
1815060
1815270
1815580
1815950
1816880
1816910
1817110
1817260
1817480
1819230
1819610
1820460
1820700
1820740
1820890
1820910
1820930
1821240
1821920
1821950
1822140
1822710
1823730
1823910
1823940
1824130
1824430
1824800
1825250
1825430
1825570
1825920
1826000
1826090
1826790
1827760
1828260
1828270
1828290
1829310
1829420
1829700
1829810
1830210
1830700
1831140
1831970
1831990
1832260
1832670
1832680
1833300
1833490
1833560
1834470
1834540
1834550
1835070
1835560
1836120
1836180
1836590
1836710
1837530
1837780
1837820
1838790
1838800
1839200
1839530
1839970
1840670
1840710
1841540
1841580
1841590
1841600
1841610
1841680
1841700
1841900
1842270
1842410
1842510
1843960
1844170
1844190
1844320
1844500
1844510
1845070
1846020
1847230
1847600
1847780
1848100
1848140
1848150
1848540
1848720
1848990
1849840
1849930
1850230
1850610
1851560
1852010
1852750
1852850
1852890
1853260
1853880
1854100
1854120
1854590
1854940
1855190
1855880
1856020
1857070
1857090
1857570
1857690
1858400
1858750
1858780
1859500
1859610
1859990
1860760
1860930
1861290
1861340
1861940
1862070
1862270
1862530
1862840
1862980
1862990
1863370
1863470
1863480
1863490
1863720
1864450
1865160
1865340
1865470
1865700
1866230
1866890
1866990
1868520
1868780
1870170
1871610
1871920
1872030
1872110
1872790
1873410
1873570
1873800
1874200
1874260
1874740
1875470
1876540
1876560
1876670
1877510
1877930
1879770
1880340
1880840
1881160
1881370
1881550
1881710
1882500
1882520
1882930
1884010
1884490
1884720
1885370
1885390
1885400
1886320
1886450
1886840
1887200
1887990
1888000
1888600
1888640
1888680
1889030
1889070
1890550
1890710
1890900
1891200
1891380
1891590
1891730
1891740
1891840
1891900
1891930
1891940
1892420
1892600
1892810
1892890
1893340
1893360
1893620
1893880
1893950
1894230
1894240
1894250
1894310
1894470
1894650
1894760
1895280
1895850
1895870
1895930
1896020
1896730
1896810
1896920
1896930
1897460
1898510
1899100
1899110
1899140
1899780
1899940
1900520
1900820
1900940
1901100
1901170
1901490
1902030
1902810
1903010
1903280
1903480
1903490
1903550
1903690
1903910
1904040
1904270
1904750
1904760
1905350
1906130
1906150
1906160
1906410
1906800
1907380
1907620
1907690
1907840
1907880
1907970
1907980
1907990
1908070
1908180
1908520
1908570
1908900
1909650
1909770
1910240
1910430
1910500
1910590
1911450
1912010
1912200
1912550
1912760
1912880
1912990
1913030
1913060
1913360
1913580
1914190
1914200
1914460
1914500
1914860
1915030
1915160
1915420
1916030
1916250
1916350
1916540
1916850
1918300
1918400
1918670
1918790
1918880
1918890
1919220
1919570
1919580
1919630
1919750
1920450
1920940
1921140
1921550
1921840
1921940
1922200
1922210
1922360
1922870
1922880
1923780
1924780
1924840
1925210
1925440
1925860
1925930
1926340
1926810
1927380
1927480
1928080
1928090
1928330
1928590
1928810
1929870
1930310
1931010
1931150
1931640
1932680
1932890
1933700
1934100
1934240
1935260
1936520
1936670
1937180
1937340
1937980
1938180
1938370
1938650
1939220
1939420
1940350
1940490
1940780
1940790
1941130
1941560
1941610
1942300
1942460
1942800
1942850
1943200
1944330
1944570
1944700
1944960
1948730
1949280
1949510
1949750
1949780
1950010
1950070
1950080
1950270
1950290
1950930
1952110
1952400
1952760
1952830
1952870
1953480
1954130
1954650
1954750
1954860
1955050
1955850
1956540
1956560
1956630
1956930
1957110
1958020
1958040
1958080
1959060
1960350
1960760
1962710
1962900
1963150
1963770
1963780
1964170
1964550
1964750
1964810
1965370
1965490
1965610
1965630
1965640
1965680
1966310
1966710
1967330
1968540
1969220
1969420
1969830
1970390
1970520
1970530
1970550
1970700
1970730
1970740
1970750
1970820
1970910
1970970
1971820
1972620
1972790
1972870
1973450
1973480
1973520
1973980
1974320
1975060
1975360
1975730
1975870
1976520
1976560
1976640
1976730
1977080
1977190
1977730
1978110
1978270
1978310
1978570
1978650
1979250
1979470
1980260
1981130
1983020
1983450
1984000
1984030
1984220
1984390
1984400
1984840
1986760
1986880
1986900
1986980
1987140
1987180
1987430
1987620
1987650
1987690
1987890
1988530
1988570
1988820
1988880
1989460
1989950
1990710
1990790
1990820
1991690
1992110
1992410
1992520
1992900
1993910
1994270
1994340
1994630
1994850
1995040
1995050
1995070
1995080
1995090
1995100
1995120
1995210
1995220
1995250
1995460
1996000
1996420
1997760
1998420
1998470
1998710
1998760
1999430
1999480
1999910
1999940
2001380
2001550
2002250
2002490
2003090
2003120
2003200
2003220
2003270
2004670
2005000
2005260
2005370
2005430
2005440
2006090
2006300
2006360
2007570
2008240
2008600
2008720
2008940
2009420
2009720
2010110
2010200
2010220
2010320
2010390
2010400
2010410
2010520
2010720
2011010
2011130
2011160
2011390
2011550
2012340
2013060
2013330
2013660
2013770
2013800
2013880
2013900
2013990
2014330
2014510
2014950
2015110
2015120
2015170
2015200
2015460
2016140
2016230
2016340
2016470
2016580
2016600
2016610
2016620
2016690
2017020
2017100
2017450
2017540
2018220
2018240
2018260
2018270
2018280
2018390
2018610
2018680
2018810
2018920
2019350
2019540
2020300
2020570
2020720
2021020
2022320
2024000
2025340
2025840
2026150
2026340
2026480
2026510
2026620
2026660
2026740
2027000
2027040
2027300
2027340
2027350
2027370
2027410
204300
2050450
2050490
2051260
2051440
2051590
2052680
2053080
2053200
2053730
2054680
2054750
2055270
2055370
2055390
2055500
2056380
2056390
2056400
2056410
2056530
2056550
2057300
2057480
2058080
2058130
2058170
2058200
2059650
2060470
2061140
2061600
2061750
2062190
2062920
2063230
2063550
2064080
2064110
2064120
2064230
2065840
2066180
2066490
2067170
2067280
2067330
2069090
2069110
2069240
2069410
2069420
2069440
2069580
2070040
2070560
2071360
2071550
2071770
2072020
2072080
2072090
2072210
2072690
2072840
2074260
2074460
2074560
2074710
2075370
2075390
2076820
2077060
2077430
2077500
2077600
2078510
2078710
2078970
2079590
2079840
2080480
2080560
2080570
2080580
2080750
2080960
2081820
2081830
2081850
2081930
2082750
2082810
2082830
2083560
2083860
2084130
2084300
2085290
2085720
2086180
2087020
2087470
2087480
2087610
2088660
2088840
2088970
2089380
2089670
2090410
2090640
2091230
2091240
2091260
2091270
2091280
2091290
2091410
209190
2092180
2092320
2092360
2092520
2092560
2092580
2092620
2092730
2093120
2093940
2093950
2094160
2095740
2095800
2096560
2097230
2098340
2098960
2099120
2099220
2099390
2099440
2100230
2100490
2100560
2100810
2101600
2102500
2102740
2104110
2104270
2104310
2104470
2104640
2105520
2106340
2106590
2107270
2107420
2109340
2110280
2111390
2111400
2111410
2111420
2111650
2111980
2112000
2112010
2112020
2112210
2112330
2112390
2112550
2113040
2113050
2113160
2113250
2114300
2114890
2115020
211580
2116850
2117960
2118330
2118580
2119210
2119390
2120240
2120310
2121280
2121310
2121980
2122330
2122560
2122700
2122770
2124460
2124770
2124820
2125270
2125310
2125460
2126620
2126980
2127660
2127770
212800
2128220
2128710
2128830
2128840
2129330
2129850
2130000
2130230
2130750
2130830
2131520
2131950
2132230
2132290
2132510
2132770
2132850
2133200
2133330
2133360
2133380
2133390
2134120
2135750
2135890
2136220
2136770
2137420
2137770
2138430
2139180
2139280
2139670
2139840
2139870
2139970
2140320
2140590
2140820
2141780
2141810
2142050
2143410
2143460
2144080
2144110
2144470
2145080
2146180
2146600
2146640
2146680
2146720
2146850
2148450
214850
2149870
2150100
2151030
2151460
2151480
2151530
2151920
2152280
2152360
2152850
2152950
2153300
2154190
2154480
2154920
2155020
2155190
2155870
215670
2156740
2157060
2157860
2158540
2158620
2158710
2158780
2159230
2159240
2159440
2160950
2161970
2163030
2163290
2163930
2164790
2165080
2165420
2165660
2165720
2165740
2166050
2166190
2166250
2166440
2167840
2167900
2168040
2168140
2168650
2169040
2169300
2169460
2169610
2169660
2169760
2169910
2170320
2170510
2170760
2171680
2172020
2172670
2173870
2173880
2173890
2174480
2174680
2174700
2175110
2176020
2178560
2179450
2179860
2180000
2180830
2181610
2181770
2181800
2182190
2182240
2182260
2182330
2182950
2182960
2184130
2184160
2185190
2185730
2185980
2186890
2186940
2187250
2187270
2188600
2189350
2189490
2189720
2189910
2189920
2190520
2190570
2190840
2191420
219150
2192010
2192220
2192400
2193170
2193490
2194150
2194820
2194980
2195630
2195680
2196210
2197020
2198420
2198940
2199430
2199870
2200620
2200800
2201110
2201660
2202710
2202890
2202900
2203610
2203620
2203630
2203640
2203650
2203660
2203680
2203700
2204170
2204860
2205800
2206230
2206450
2206460
2206480
2206570
2206580
2206680
2206690
2206700
2206720
2206800
2206930
2207040
2207050
2207060
2207080
2207100
2207110
2207120
2207670
2207690
2207700
2207710
2208130
2208890
2209090
2209960
2210310
2211520
2211890
2212310
2212440
2212500
2212570
2212740
2213130
2213730
2214730
2214740
2214750
2214760
2215020
2215590
2215830
2216060
2216490
2216680
2216820
2219180
2219190
2219520
2220350
2220580
2221160
2222160
2223820
2224160
2224780
2225320
2225560
2226160
2226780
2226910
2226960
2230890
2230900
2230910
2230920
2231450
2231490
2231850
2232130
2232400
2232770
2232950
2233200
2233320
2235000
2236320
2236330
2236350
2236360
2236370
2236380
2236390
2237400
2237410
2239450
2239470
2239860
2240430
2240790
2241780
2242400
2243080
2243130
2243230
2243530
2244030
2244270
2244640
2245300
2245840
2246290
2246530
2246820
2247570
2248260
2248430
2248490
2248570
2248630
2249280
2249880
2250060
2250170
2250250
2250340
2250380
2251230
2251250
2251620
2251910
2254540
2255150
2255310
2255350
2256220
2256900
2256950
2256960
2257020
2257030
2257050
2257060
2257510
2259760
2260080
2260090
2260560
2261600
2262180
2262390
2262610
2262660
2263220
2263260
2263560
2263570
2264550
2264580
2264700
2264770
2265240
2265320
2265400
2265410
2266680
2267240
2267770
2267990
2268370
2268720
2268960
2269280
2269310
2270300
2271070
2271380
2271810
2272640
2272970
2273130
2274160
2274700
2274960
2275610
2276490
2276940
2277910
2277920
2278480
2278960
2278970
2278980
2278990
2279000
2279010
2280440
2280510
2280650
2281770
2282220
2282300
2284180
2284310
2284460
2285410
2285820
2289520
2289670
2290270
2290600
2291080
2293040
2293270
2293530
2293850
2294180
2294440
2294950
2295610
2296060
2298190
2298290
2298380
2298620
2299510
2299600
2300390
2300690
2301680
2303500
2303560
2303570
2303730
2303790
2305620
2306400
2306530
2307860
2308000
2308550
2308900
2309390
2310650
2311010
2311030
2311070
2312380
2312670
2313030
2313770
2313780
2313950
2313960
2314020
2314090
2314270
2314530
2314910
2315570
2315580
2316210
2316590
2317140
2317330
2318550
2318730
2318810
2319580
2319710
2320400
2320720
2321280
2322060
2322290
2322400
2323010
2323840
2324610
2324900
2324980
2325900
2325960
2326190
2326350
2327160
2327190
2327200
2327240
2327330
2327670
2327900
2327910
2327920
2328040
2328160
2328410
2328960
2328990
2329220
2329300
2330780
2330950
2331710
2332960
2333150
2333420
2333530
2335140
2335330
2335650
2336230
2336950
2337280
2338090
2338900
2339050
2339260
2339490
2339540
2340660
2340790
2340800
2342710
2344590
2344980
2345060
2345440
2345750
2346140
2346930
2347860
2348280
235070
2351400
2352320
2352510
2352640
2354040
2354060
2354690
2354900
2354920
2355250
2355340
2355410
2355800
2355900
2357550
2357760
2357790
2358200
2358610
2358850
2358930
2359310
2359840
2359910
2360290
2361080
2361940
2362500
2362900
2363150
2363440
2363760
2365030
2365080
2365440
2365620
2366440
2366800
2366890
2367360
236810
2368110
2368510
2369240
2370230
2370730
2370770
2371270
2371280
2371560
2371750
2372270
2372570
2373280
2373950
2374220
2375840
2376430
2376780
2377340
2377530
2378760
2379310
2380270
2380500
2381810
2382010
2382020
2382050
2383660
2383770
2383790
2384000
2384190
2384310
2384340
2385280
2385290
2385600
2385670
2387010
2387020
2387030
2387600
2387630
2388170
2388510
2388600
2389180
2389260
2389840
2390310
2390510
2390590
2390600
2390870
239090
2391200
2391470
2391560
2391870
2393050
2393670
2393910
2394680
2394970
2396110
2396120
2396680
2397010
2397020
2397030
2397040
2397260
2397640
2397660
2397760
2397800
2398440
2398830
2399080
2399370
2402900
2403660
2404010
2404130
2404760
2405000
2405690
2405990
2406030
2406520
2406740
2407080
2407300
2409410
2409810
2409860
2410390
2410400
2411240
2411410
2411500
2412470
2413640
2414240
2414740
2414890
2414900
2415150
2415610
2415660
2415690
2416050
2416590
2417060
2417680
2418720
2419260
2420150
2420300
2420510
2420720
2420860
2420880
2421210
2421880
2421910
2422180
2423210
2423590
2423710
2423780
2423950
2423960
2424760
2424970
2425160
2425540
2425580
2425590
2425670
2426330
2426640
242680
2427280
2427570
2427760
2428620
2429160
2429200
2429520
2430660
2430740
2431040
2431130
2431250
2431410
2431540
2431940
2432660
2434710
2434760
2435590
2435620
2435690
2435990
2436470
2437560
2439000
2439010
2439350
2440550
2440670
2440880
2441080
2441580
2442060
2442070
2443370
2443410
2443460
2443780
2444250
2444460
2445160
2445520
2445910
2446460
2446700
2448300
2448430
2448620
2448850
2448930
2449040
2449630
2449930
2451720
2451930
2452800
2454290
2454390
2455480
2455680
2456100
2457870
2458540
2458690
2458740
2459120
2459150
2459310
2459630
2459640
2459830
2460260
2461660
2461940
2462330
2462390
2462610
246360
2464190
2464570
2464730
2464880
2465040
2465130
2465260
2465300
2465780
2466180
2466560
2466660
2466740
2466750
2466970
2467000
2467150
2467530
2467650
2467960
2468150
2468640
2469030
2469040
2469120
2469790
2469900
2470000
247020
2470400
2470580
2470650
2470730
2471340
2471950
2472620
2472920
2473110
2473580
2474020
2474180
2474390
2474690
2475540
2475680
2477930
2479260
2479730
2480150
2480180
2480610
2480770
2480970
2482550
2484450
2484490
2484530
2485280
2486670
2487910
2487940
248820
2488390
2489060
2489110
2491790
2493470
2493510
2494260
2494640
2494830
2494940
2495310
2495370
2495800
2495820
2496290
2496470
2496640
2497870
2497890
2498160
2498760
2498900
2499330
2500210
2503240
2503350
2503670
2505350
2508410
2508680
2509670
2510680
2511900
2512430
2512460
2513180
2513220
2513650
2513810
2514810
2520060
252030
2520560
2520670
2521970
2522190
2523640
2525190
2525610
2526080
2526480
2527600
2528070
2528370
2529230
2529880
2530070
2531230
2532500
2534410
2534880
2535380
2535670
2535750
2536650
2538780
2538980
2539070
2539100
2540460
2542430
2542450
2542750
2544120
2544300
2548660
2550360
2551880
2553180
2553490
2554710
2554750
2554910
2555080
2555170
2555260
2555430
2555440
2555460
2556590
2557660
2557750
2558050
2558080
2558130
2558170
2558240
2558860
2558870
2559980
2560230
2560490
2561770
2562120
2562580
2562930
2563680
2566020
2567670
2567730
2568020
2568050
2569330
2569680
2570040
2571160
2571540
2573400
2573470
2574000
2574280
2574420
2574430
2575410
2575670
2576160
2576500
2577560
2578100
257850
2579080
2580300
2580320
2581150
2583970
2584250
2584410
2585260
2587350
2587370
2588200
2588280
2588500
2591250
2594020
2594280
2594770
2594910
259530
2595560
2595870
2596470
2597190
2597280
2597560
2598080
2598750
2599060
2599140
2599760
2599780
2601060
2601100
2601210
2601220
2601560
2601970
2602450
2604720
2604880
2605910
2605950
2606150
2606350
2606550
2606870
2607800
2607810
2607820
2607830
2607840
2607850
2608000
2608120
2609750
2610280
2610500
2610870
2611800
2614200
2614510
2614570
2614600
2614770
2616490
2616840
2616890
2617090
2618090
2618150
2618590
2619040
2619700
2620000
2621800
2621940
2624070
2624360
2624390
2625170
2625300
2627500
2627650
2627670
2628010
2629290
2629660
2630120
2630380
2630540
2630550
2630580
2630730
2631550
2632750
2634830
2635070
2635380
2635510
2635680
2635700
2635720
2635730
2635740
2635750
2636230
2636260
2638680
2639020
2640190
2641070
2641230
2641410
2641680
2642320
2642920
2643700
2643780
2644330
2644490
2646570
264690
2647710
2648060
2648530
2648560
2649980
2650680
2651680
2651760
2653690
2658320
2658710
2661040
2662590
2662620
2662810
2663480
2663770
2664630
2666610
2668580
2668870
2670400
2671500
2672040
2672070
2672880
2673240
2674880
2674890
2675860
2676980
2678130
2678280
2678480
2678950
2678980
2679140
2679210
2679620
2681110
2681340
2682510
2683730
2683820
2684010
2684200
2684290
2684560
2687510
2687840
2688110
2690140
2690680
2691280
2691900
269210
269270
2692980
2693070
2693330
2693740
2693960
2694990
2695670
2697420
2701240
2701450
2702980
2703460
2704240
2704290
2706380
2706940
2707100
2707190
2708940
2711120
2712370
2713860
2713870
2713890
2713910
2713970
2714280
2714980
271670
2717980
2719610
2720530
2722370
2724020
2724470
2724970
2725770
2725830
2726230
2727550
2730220
2730640
2730800
2731070
2731080
2731360
2731530
2731920
2732950
2733080
2733490
2733850
2734460
2734500
2734920
2736540
2737760
2738130
2738180
2738210
2738790
274230
274290
2743870
2744510
2745570
2745680
2745820
2745830
2746200
2746260
2746270
2746460
2746630
2746780
2748120
2748130
2748150
2750710
2750920
2754650
2757010
2757630
2757860
2758760
2758780
2758800
2758820
2758830
2758840
2758850
2759090
2759230
2760200
2761180
2761330
2761500
2762000
2762060
2762250
2762750
2763810
2764070
2764690
2764700
2764860
2766310
2766510
2766770
2767730
2768140
2768240
2769650
2770480
2771390
2771400
2771410
2771420
2771430
2771440
2771450
2771460
2771470
2772900
2773070
2773110
2773360
2773540
2773910
2774200
2774280
2777250
2778250
2778960
2779190
2779750
2779760
2779770
2779780
2779990
2782980
2784110
2784710
2785130
2785730
278640
2787900
2788360
2788450
2788630
2790510
279160
2792330
2792370
2792400
2792710
2792860
2793280
2794300
2794680
2795100
2795150
2795560
2796700
2797280
2797640
2797890
2798280
2798290
2798300
2799090
2799110
2799370
2799460
2799710
2800500
2802200
2802640
2803660
2804690
2804730
2804820
2805570
2805610
2807490
2807780
2807950
2808330
2808770
2808780
2808790
2808820
2808860
2810110
2810120
2810680
2811380
2811860
2811880
2812200
2814270
2817550
2818560
2818960
281900
2819150
2819830
2820960
2821070
2823190
2823210
2823740
2824150
2824290
2824680
2824840
2824850
2824860
2826180
2826720
2829000
2829240
2830860
2831050
2831590
2831990
283230
2833950
2834190
2835180
2835680
2836310
2837300
2837330
2837340
2837350
2837360
2837370
2837460
2839040
2839450
2839930
2841610
2842360
2842520
2845860
2845930
2846010
2846070
2846690
2847000
2848390
2848480
2848630
2849010
284950
2849850
285010
2851210
2851290
2851630
2855660
2855740
2857400
2859850
2860150
2860450
2860570
2861400
2862510
2862850
2864050
2865640
2865870
2865900
2865910
2865920
2865930
2867290
2868950
2869960
2870070
2870280
2870670
2871020
2871310
2871830
2871900
2874590
2876910
2877930
2878680
2882600
288290
2882940
2884490
2884810
2885220
2886100
2886830
2887240
2887340
2889170
2890010
2890130
2890690
2892170
2893650
2894280
2894390
2895800
2896040
2897740
2897860
2898110
2899430
2900760
2900940
2902310
2904490
2904800
2905180
2906010
2906120
2906300
2906590
2906770
2906890
2907240
2907250
2907270
2907730
2908310
2910240
2910330
2912180
2913780
2913930
2915470
2917270
2918570
2919290
2920330
2923170
2923180
292330
2924950
2925240
2925500
2925740
2927360
2928070
2929440
2929760
2929830
2930380
2931570
2932010
2934020
2934150
2934800
293680
2939810
2940210
2940720
2940850
2941680
2941720
2942740
2943380
2943390
2943480
2944550
294460
2944670
2945540
2946060
2946070
2946150
2949110
2949850
2950040
2951770
2952400
2953640
2953720
2954130
2956840
2956850
2956870
2956970
2958280
2958670
2959920
2960480
2960990
2961980
2963120
2963190
2963310
2965770
2965880
2966130
2967190
2967980
2968050
2968490
2968690
2969070
2972270
297290
2973180
2974110
2975320
2977550
2977930
2978710
2978760
2979950
2980370
2980660
2981670
2983210
298360
2984640
2984710
2985400
2985510
2986940
2987610
2987680
2988550
2988730
2989060
2990050
2991250
2995190
2995750
2995890
2998040
2998330
2999770
2999800
2999810
3000570
3000850
3003160
3003740
3004190
3004460
3005100
3005760
3005850
3007710
3008230
3008660
3009010
3009050
3009320
3010340
3010450
3010470
3010880
3012880
3014110
3015100
3015110
3015130
3015140
3015670
3016640
3017290
301750
3018590
3018640
3020240
3020260
3020270
3020360
3020390
3020470
3020490
3022870
3022900
3023700
3023780
3023940
302790
3028280
3028290
3028300
3030150
3030930
3032560
3032580
3032590
3032600
3032610
3032700
3032750
3033110
3034000
3034210
3036050
3036080
3036090
3036110
3037100
3037520
303840
3039270
3039350
3040310
3040970
3041610
3046370
3046430
3046980
3048130
3048540
3049710
3049730
3050110
3050690
3054480
3055050
3055200
3056060
305780
3057870
3058000
3058110
3059240
3060260
3063920
3064750
3066670
3068440
3068660
3069530
3069590
3071200
3071210
3071310
3074260
3075600
3076900
3078710
3079870
3082650
3083240
3088130
3090550
3091790
3092120
3093380
3093850
3093960
3097280
3101540
3102770
3103250
3103910
3105220
3106900
3108290
3108480
311480
3117650
3121540
3128140
3129550
3133890
313700
315330
315840
316810
316970
317280
318430
320160
321330
321560
322680
326260
328990
332610
334710
334820
336090
337350
337450
337650
338530
340340
340820
341270
342020
342130
342300
343340
343780
344230
345860
346120
346180
346450
346500
348240
349950
350210
350810
351030
351160
351450
351470
353300
354240
354970
355080
355410
355920
356650
357070
357650
359340
359580
360450
360740
362040
362090
362680
362810
363240
363900
365330
365340
366410
366760
367300
367780
368950
369560
369580
369890
372970
375120
375180
375250
375480
375520
375580
375760
377200
378260
378360
378420
381090
381800
381900
382070
382490
383230
383980
384150
384400
384880
385230
385710
386420
386620
386700
387060
387240
387840
387870
387880
388160
388360
388440
388550
390610
390640
390800
390870
391170
391310
391540
391730
393460
393500
393920
394220
394390
394770
394970
395510
397640
397690
397700
398110
398150
398160
398590
398940
399000
399140
400630
400660
401360
401840
402000
402030
402970
405540
407630
408060
408400
408750
409170
409360
409490
409530
410110
410840
412270
413760
414290
415530
415780
416180
416550
418120
420900
422160
422270
422980
424280
425650
428550
428940
429260
429630
429700
429720
430410
431000
431220
431860
431940
433490
434140
434260
434470
434550
434880
434980
435460
435790
436070
436350
436360
437250
437380
437880
438000
438440
438480
439730
441670
443570
444470
444590
444940
444980
445600
445950
446760
447530
447540
447990
448130
448520
448810
449060
449450
449560
450020
450170
451570
453760
453830
454130
454380
454900
454950
454980
455690
456020
456160
456170
457600
458540
458660
460540
460950
461830
462200
462830
463240
464620
464960
465020
465130
466770
467220
467380
467800
467850
467940
471380
471400
472830
472850
473510
474050
476510
477910
478200
479220
481870
485160
485220
485430
485600
485860
485920
486320
486470
486640
487020
489620
490230
490510
490870
491010
491040
491260
491350
491720
492400
494720
495760
495820
495880
496520
496620
496990
498830
500440
500670
501270
501830
501930
501940
502130
502660
502740
502770
502780
503180
503420
503430
504880
505630
506700
507120
507310
508530
508760
508820
508840
508990
509160
509930
509940
510050
511320
511350
512000
512020
513140
513250
513530
513610
513770
513840
514220
514360
514890
514930
515570
515650
516040
516350
516430
517680
518650
521570
522010
522490
522940
522950
524050
524430
524680
525290
525300
527150
527250
527380
527730
527740
528230
529100
530320
531890
532170
532470
533580
534190
534290
534570
535520
536450
537520
537540
538070
538100
538920
539470
539720
539980
542350
542400
542660
543420
544360
544400
545230
545320
545430
545580
545860
546090
546800
547310
547470
548130
548230
549100
549700
549900
550580
550990
551060
551580
552330
553780
554530
555930
556130
557950
558440
558900
560080
560300
561190
561340
562160
562260
562360
562460
562600
562710
563110
563860
564810
564940
567380
567430
567940
568070
568490
568650
569720
570550
573310
573520
573780
575740
575750
575770
575780
576060
576410
576540
576590
576660
576810
577650
578930
578940
580070
580420
581050
581310
581740
581890
582370
584640
585550
585710
586350
586390
586450
587480
587750
588690
588930
589440
589770
589780
590820
590950
591560
593700
595100
597230
597240
597730
598600
598640
598650
599510
600440
600510
600520
600630
600690
601130
601870
602300
602940
603020
603110
603220
603260
603330
603730
603960
604330
605490
605800
606300
607680
608660
609110
609490
610570
611770
611860
612160
613190
613340
613400
614790
614880
615100
615360
615390
616000
616390
618310
619280
619780
620240
620340
620900
620940
622670
622870
623380
623700
624000
625570
625630
625680
625960
628560
629230
631890
631980
634160
634340
635060
636150
636310
639720
640380
640430
640700
641860
642580
643880
644940
645560
645780
646240
649990
650440
650990
651820
652030
652910
653850
653920
654010
654500
654630
654670
654740
654750
655010
655360
655470
655930
656020
656380
656630
656640
656660
657170
657440
657690
657810
658090
658150
658160
658800
659010
659040
659790
659890
660030
660280
660290
660400
661110
662410
662540
662610
662640
662850
663240
663340
664030
664050
665590
665930
666940
667510
667690
668160
668560
668970
669360
669690
670060
670100
670160
670280
670720
670950
671050
671550
671630
672780
673230
674310
674320
675120
675750
676450
677700
678150
679410
679690
679830
680340
680890
681290
681410
681530
682270
682630
682920
682930
683430
683840
684210
684230
684350
684680
685230
685400
686040
686290
686460
686510
688110
688450
688790
691220
692260
693380
693700
694350
694400
694470
694960
694990
695460
695570
696860
698120
698500
698590
698770
698830
699230
699470
700100
700400
701000
701470
701500
701520
701560
703250
703630
703720
704660
704840
704950
705530
705700
706400
707320
707470
707590
707610
708510
708920
709940
709970
710160
710610
710670
710970
711050
711640
711920
712530
712650
712770
712870
713170
713380
713450
713940
714160
714240
714290
714640
715460
715840
716150
716230
717960
718350
719120
720020
720630
721910
721940
722380
722400
723130
723820
724110
725380
726110
726330
726500
726510
726800
727300
727510
727540
729660
730640
730920
731230
731310
731860
732800
733460
734840
736240
736310
737520
738270
738610
739260
739890
740240
741630
743330
743590
744940
745560
745650
745710
745720
746250
746680
747770
749040
749070
750290
750450
750790
751070
751350
751780
751920
751930
751940
751950
752000
752010
752790
754110
754330
754760
755490
757050
757230
757690
758170
758220
758700
759020
759220
760390
760830
760990
761350
761570
761920
762610
763750
763870
764030
764690
765520
766420
767870
767980
769320
769520
769970
770520
772200
772610
773090
773710
774661
774891
775580
776080
776160
776280
777010
777380
777900
778000
778120
778410
778610
778770
778870
779140
779760
779870
779990
780250
780650
781000
781440
781990
782100
785960
786410
786430
786470
786540
786580
787070
787240
787710
788390
788500
789280
789450
789600
790050
790060
790100
790210
790550
791180
791370
791470
791550
791560
791620
792030
792120
792190
792570
792710
793000
793060
793640
793740
793830
794240
794390
794830
795040
795060
795140
795320
795550
795940
796490
796580
796600
797260
797300
797310
797330
797340
797350
797440
797450
798370
799410
799590
799610
800680
801280
801940
802130
802740
802930
803280
803940
803960
804390
805070
805400
805690
806480
808010
808080
808450
809020
809460
810690
811680
812940
813260
814420
815800
816040
816170
816200
816260
816840
817760
818210
818240
818890
819210
820050
820400
821360
821440
823280
824660
825110
825210
825970
826170
826660
829050
829410
830410
833290
833950
834470
835650
835910
836260
837180
837930
838690
839080
839590
839810
840020
840830
841080
841190
841660
841770
842990
843590
844050
845460
845840
846110
846750
847240
847570
847800
848550
848650
848660
848740
848750
848770
848920
849520
850040
850710
850750
850760
851290
851530
852110
852390
852920
854150
854210
855370
855530
855750
856110
856550
857910
858080
858210
859370
859820
860590
860850
861210
861570
861760
861860
862200
862240
862250
862370
862790
863490
864200
864260
864860
865220
866340
866420
866510
867660
868180
868230
869030
869250
869420
869760
870140
870670
870680
871410
871480
871590
872650
872980
873360
873610
873700
874040
874140
875100
875670
875710
875940
876560
876600
876840
877020
877060
877940
877990
878100
878180
878480
878490
878500
878820
879250
879520
879550
880260
880290
880870
881620
881750
882210
882220
882510
882700
883070
883280
884190
884350
884900
885030
885540
886010
886450
886460
886470
887040
887410
887750
887820
888900
889270
891120
891130
891790
892160
892640
893110
893350
893610
893900
894000
894160
895000
895010
895120
895170
895740
896400
897210
897420
897780
898060
898350
898450
898880
898910
903310
903570
903590
903780
904350
904560
904770
905510
905590
905690
906370
906480
906560
906600
906650
906740
906880
907800
907870
908010
908640
908840
909110
911600
911660
912520
912680
912890
913000
913060
913520
913740
914900
914920
915060
915110
915850
915860
916180
916730
917650
917660
917870
918280
918960
920280
920320
920620
920820
920830
921670
922170
922470
922550
922880
923500
923690
924310
924360
924370
924530
925280
925560
926240
927590
928180
928700
928890
930320
932210
932730
932850
935640
935940
935950
936260
937050
937120
937180
937270
937390
937620
939150
939360
939970
940510
940680
940710
941730
943510
943710
94400
944120
944530
945390
945440
945550
946330
947300
947540
948240
948330
949380
949480
949600
950300
952050
952230
952700
953340
953870
954210
955700
955860
957210
957390
957810
958090
958190
959090
959380
960220
960340
960660
961280
962190
962240
962670
963450
963490
963510
963570
963950
965120
965470
966250
968170
968320
968440
969240
969550
970180
970470
972050
972180
972500
974100
974110
974310
974390
974870
976120
976480
977210
977310
977670
977710
977760
978640
978790
978800
979310
979450
980680
980750
981120
981420
981450
982090
982810
983350
983560
983640
983990
984030
984110
984230
984300
985250
985780
987710
987800
988650
988940
989040
989250
989370
989380
990070
991590
992240
994360
994860
995980
996620
997020
997260
997900
998630
998870
999200
999410
999760
999990
