1002440
1003190
1003860
1005870
1007870
1009020
1009880
1010690
1011870
1012140
1012450
1026190
1030410
1031790
1035220
1039280
1040310
1041180
1045680
1057150
1058480
1058570
1061360
1061550
1062540
1068800
1071440
1072280
1073770
1076120
1079630
1079790
1081550
1091600
1095400
1102560
1103010
1103100
1104910
1105470
1105870
1109570
1111310
1116690
1125350
1126440
1128160
1132070
1132120
1137270
1140980
1143740
1145340
1148800
1165500
1165860
1169420
1170750
1181050
1181500
1182680
1184080
1186960
1187030
1189230
1191840
1193420
1194480
1195790
1196550
1197130
1202570
1204080
1204220
1205370
1210110
1211150
1211260
1214460
1216230
1218850
1219030
1221950
1226610
1227130
1232330
1235580
1236070
1237570
1243860
1248730
1249150
1249480
1251470
1254200
1254770
1255190
1260130
1261350
1264360
1266390
1269540
1269610
1273620
1274380
1275070
1278090
1282610
1283130
1288090
1289480
1290960
1291710
1293260
1296380
1296810
1298600
1299540
1300390
1301380
1301410
1303760
1310360
1311110
1311140
1314750
1315250
1316060
1321310
1321440
1325870
1327390
1330940
1333820
1334300
1339030
1339650
1342500
1344800
1345200
1346850
1347880
1349390
1350250
1354830
1358830
1359160
1360130
1360940
1364130
1369320
1370040
1370410
1370710
1370970
1372680
1373170
1373630
1374780
1375000
1376470
1376520
1378870
1380150
1380340
1381360
1383720
1383730
1384480
1384840
1385200
1388770
1389030
1392470
1392520
1392650
1395270
1395420
1395910
1397000
1397710
1398820
1399560
1401840
1403270
1403670
1404030
1404850
1405480
1406460
1407650
1407870
1408070
1408770
1409180
1411770
1412030
1412500
1413790
1413890
1419090
1419150
1421350
1423310
1423420
1423780
1424380
1429120
1429730
1431150
1432680
1432760
1434880
1435470
1436140
1436490
1436680
1437210
1439770
1439870
1440350
1441670
1443470
1443580
1444340
1444390
1444480
1445650
1446410
1447160
1447270
1452110
1452210
1452360
1452600
1454550
1457490
1457840
1463350
1464400
1466140
1466170
1466580
1467390
1470440
1472010
1473030
1473820
1475720
1476340
1477440
1479760
1481660
1482430
1482540
1488110
1489300
1491610
1492610
1497690
1501800
1504870
1505220
1505270
1507970
1508230
1508440
1508980
1509150
1510800
1512770
1515750
1515920
1516350
1516530
1517610
1517620
1518680
1519250
1520330
1525110
1525190
1526920
1527090
1527710
1527960
1531200
1532360
1533540
1534360
1535240
1536690
1536740
1538040
1538480
1539630
1540190
1541500
1541740
1542830
1542930
1543290
1544870
1544880
1545380
1545690
1548940
1549980
1550800
1551660
1552020
1552760
1552790
1554510
1555900
1558130
1558850
1559340
1561390
1563520
1565500
1566090
1566360
1566480
1566530
1566560
1567050
1568240
1568570
1569240
1569520
1570460
1572970
1573390
1573760
1574820
1575510
1576490
1576770
1576970
1577140
1577680
1579300
1579350
1581940
1582110
1582860
1583180
1587080
1588620
1589480
1591410
1593480
1594610
1595090
1595280
1595290
1599110
1599130
1599390
1599540
1599860
1599930
1601520
1603420
1604160
1604700
1605520
1605620
1606730
1608820
1610350
1610530
1610610
1612400
1612500
1612950
1613520
1616580
1618510
1619820
1620430
1622610
1623640
1624310
1625650
1625760
1626460
1630290
1632770
1633490
1634130
1635230
1635480
1637140
1637320
1637570
1637620
1637890
1637900
1637950
1638500
1638530
1638930
1641020
1641600
1642600
1645210
1646000
1646090
1646710
1646790
1647810
1650980
1652590
1653440
1654580
1654620
1654650
1655890
1656310
1659180
1660050
1661040
1661760
1661920
1662900
1662910
1664290
1664580
1666090
1666490
1666740
1667350
1667400
1667520
1671750
1673830
1673940
1676330
1677360
1677520
1677770
1678010
1678100
1678510
1678610
1678980
1679880
1683680
1684810
1688270
1692280
1693380
1694380
1695620
1695700
1698000
1698410
1698620
1699500
1699810
1700260
1701400
1702860
1703560
1703650
1704130
1705130
1706150
1706170
1706350
1707220
1707650
1709290
1709900
1710290
1710990
1712390
1713600
1713610
1713770
1713810
1714430
1715040
1715320
1716550
1717830
1717900
1718240
1720550
1720910
1721240
1724410
1725470
1725640
1726180
1727750
1728640
1729250
1729900
1730020
1731730
1733040
1733060
1733110
1734230
1736560
1737210
1737420
1737600
1739440
1739450
1739460
1740210
1741300
1741500
1742620
1742930
1744450
1746560
1746660
1748390
1748790
1749490
1750280
1750810
1752010
1752140
1752430
1752590
1754770
1755760
1756440
1756470
1757570
1757950
1758190
1760640
1762010
1762550
1763060
1763070
1763130
1763390
1765700
1767280
1767720
1768060
1768110
1768780
1768810
1769160
1769470
1770340
1771200
1772980
1775470
1777030
1777890
1778490
1778850
1778970
1779200
1779560
1780380
1780960
1781400
1783490
1783800
1785460
1786010
1786100
1788760
1789670
1790870
1792860
1794550
1797140
1797630
1798170
1799730
1800270
1801630
1802500
1804210
1805720
1807320
1808920
1813350
1813430
1814170
1814540
1814710
1814950
1815350
1817000
1818600
1819200
1819290
1819520
1821060
1821690
1821840
1822640
1823100
1824080
1824830
1828710
1829250
1829660
1829910
1834000
1834120
1835440
1836850
1837400
1838860
1838870
1841510
1843990
1845050
1846560
1846740
1847390
1847510
1848350
1848520
1848860
1852300
1852600
1853910
1854190
1855070
1855590
1857240
1858580
1858760
1860260
1860870
1861880
1862100
1862710
1863080
1864090
1865060
1865190
1865440
1869200
1869510
1869970
1870450
1871470
1872040
1872250
1873300
1874630
1877000
1877970
1878070
1878190
1878570
1880110
1880250
1881580
1882590
1883230
1885690
1886700
1886900
1887010
1888200
1888250
1888480
1888520
1889320
1889460
1890980
1891430
1892210
1892570
1895970
1896630
1897850
1899530
1899810
1900060
1900540
1900570
1900800
1902070
1902230
1902350
1903890
1904070
1905160
1906010
1906060
1907000
1908870
1909040
1909080
1909450
1909560
1910230
1910890
1912460
1915780
1915800
1916960
1917460
1917520
1918260
1918340
1920700
1921130
1921430
1922990
1923380
1923440
1923730
1923790
1924230
1924240
1926820
1927370
1929250
1932210
1932590
1934350
1937170
1940100
1941420
1941740
1942280
1942430
1942580
1943020
1943150
1946140
1946490
1948680
1949330
1949430
1949570
1950240
1950820
1950830
1950920
1951750
1953020
1954070
1956240
1956270
1956400
1956450
1957950
1958890
1958900
1960330
1960400
1960890
1960950
1961250
1962560
1963670
1964590
1964730
1964820
1965810
1966070
1966940
1967110
1967920
1968310
1968960
1969080
1969850
1972710
1973210
1973840
1976370
1976580
1977770
1977790
1978150
1978750
1978810
1979010
1979770
1980670
1982800
1982890
1983000
1983520
1984150
1984500
1985350
1985360
1989150
1989560
1991590
1992480
1993830
1993940
1997550
1999640
2000080
2001390
2003150
2003750
2004220
2005660
2005790
2006160
2007000
2007530
2007600
2008990
2009380
2010160
2010450
2010740
2011110
2011190
2011750
2013810
2014480
2015830
2017710
2018690
2019490
2019530
2020370
2021040
2021450
2021650
2022340
2022940
2023560
2023570
2024900
2026090
2026190
2027810
2027880
2027900
2027970
2050200
2050210
2051230
2051550
2051810
2051860
2051900
2053480
2054330
2055230
2056090
2056560
2058420
2059600
2062750
2062800
2064160
2065000
2065530
2065770
2065990
2066120
2066680
2067590
2068520
2068820
2069260
2069400
2069540
2070030
2070390
2072040
2072520
2073010
2074000
2074140
2075070
2076810
2076850
2076890
2076960
2077170
2077210
2078440
2079130
2079280
2080880
2081230
2082510
2082560
2082620
2082900
2083320
2083360
2083840
2084930
2085170
2086110
2086910
2087390
2088360
2089710
2089960
2091300
2091880
2093070
2093650
2094580
2095060
2095150
2095780
2096010
2097850
2098820
2098880
2099060
2099150
2100660
2101440
2101700
2102240
2103040
2103060
2103710
2104590
2104990
2106310
2106990
2107140
2107710
2107820
2108210
2111120
2111600
2112500
2113490
2114390
2114790
2114850
2117170
2117930
2118110
2118410
2118570
2119100
2121120
2121370
2121750
2124780
2126400
2126520
2126590
2127160
2127920
2128270
2128410
2129120
2129300
2131430
2131620
2132340
2133300
2134360
2135190
2136010
2136620
2137310
2137930
2138460
2138620
2138930
2141300
2141840
2143950
2145320
2146320
2148170
2148330
2149560
2150700
2151440
2152160
2153420
2154000
2154700
2154910
2156380
2156420
2156830
2158050
2158520
2158850
2159100
2159470
2159650
2160210
2161480
2162510
2162930
2162970
2163720
2163760
2164740
2164990
2165010
2166480
2167770
2167870
2167940
2174890
2175010
2176200
2176980
2177620
2177960
2183340
2184770
2185860
2186780
2186970
2189470
2191080
2191270
2192170
2192270
2194910
2195840
2195900
2196660
2197880
2198590
2198720
2198730
2199320
2199450
2199820
2199830
2200920
2202080
2205160
2205180
2208000
2208330
2209030
2210670
2212330
2212410
2212420
2213600
2218750
2219240
2219280
2219910
2219920
2221130
2221230
2222720
2222830
2223550
2223670
2225310
2225340
2225430
2225500
2225830
2226670
2227150
2227390
2227530
2228350
2228510
2230010
2230930
2232800
2233790
2234440
2234870
2235170
2238440
2238630
2239000
2239380
2241530
2243150
2244770
2246630
2246750
2246780
2248900
2250450
2251540
2253080
2253780
2254350
2255140
2256260
2256880
2256970
2257790
2258270
2258300
2258390
2261410
2262230
2262680
2262880
2264470
2265300
2265870
2266510
2266650
2266660
2267310
2267370
2268280
2268910
2269170
2269380
2269390
2270800
2272150
2274360
2274990
2276580
2276590
2276900
2276930
2278300
2278840
2279060
2279200
2279370
2281230
2281700
2281920
2282480
2282910
2283470
2283670
2284070
2284330
2284680
2285180
2286450
2287790
2289340
2289990
2290220
2291980
2291990
2292450
2293120
2295280
2296050
2296100
2296400
2298420
2298490
2300950
2301090
2303360
2303860
2304350
2304910
2306690
2307610
2307650
2307660
2307800
2308850
2310840
2311020
2311360
2312320
2313180
2313260
2314610
2315490
2315700
2316660
2318620
2318680
2319560
2319850
2320040
2320130
2320570
2323730
2324070
2324730
2324940
2325040
2326320
2326410
2326500
2328080
2328140
2328170
2329390
2329490
2330090
2330900
2331240
2331870
2332050
2334480
2335150
2335190
2335250
2336220
2337770
2337990
2338490
2339040
2339950
2340060
2341410
2342600
2343160
2344580
2344640
2344910
2345890
2346130
2346540
2346710
2346890
2347950
2349830
2351200
2351250
2352000
2353600
2353780
2354140
2354730
2354830
2356790
2359680
2361040
2361450
2362010
2362120
2363170
2363430
2366160
2366170
2366610
2366870
2368410
2368540
2368860
2368940
2369520
2369710
2370940
2370960
2371710
2372400
2372500
2375960
2376990
2377050
2378150
2378260
2379470
2379650
2379880
2380490
2380580
2380900
2382380
2383420
2386460
2389850
2394700
2396310
2397630
2398980
2399090
2399280
2399340
2400400
2402120
2403880
2403900
2404070
2404510
2404890
2405830
2406720
2407540
2409040
2410100
2410270
2410820
2410850
2413830
2413840
2413940
2414060
2416580
2416770
2417240
2417730
2417850
2417890
2418380
2418980
2419120
2419160
2419640
2422440
2422500
2422540
2422980
2423630
2426350
2427700
2428310
2431970
2432770
2433210
2434000
2434300
2434720
2435180
2435710
2435840
2436160
2437660
2437890
2440380
2441630
2441750
2442900
2443120
2443950
2444170
2444370
2444490
2445000
2445240
2446920
2447220
2448380
2448830
2449200
2449680
2449740
2450400
2451820
2453570
2454690
2456380
2456900
2458700
2458940
2460440
2460850
2461010
2461210
2461570
2461580
2461710
2462380
2462790
2463360
2465530
2468690
2468980
2469460
2469770
2469860
2471050
2471100
2471690
2471780
2472450
2472540
2472720
2473040
2474290
2474410
2475030
2475720
2475730
2477940
2478400
2479030
2480660
2480760
2480820
2481180
2481730
2481800
2482800
2482820
2483150
2483920
2484540
2484840
2488240
2488590
2488770
2489560
2490090
2490680
2493140
2493150
2493260
2493910
2495950
2497210
2498090
2498340
2498570
2499350
2500700
2501230
2501590
2501820
2502420
2505430
2505560
2506570
2506900
2507600
2509650
2511960
2512920
2517860
2519240
2519580
2523000
2525710
2527140
2527340
2528710
2529290
2529740
2531940
2534040
2534550
2537070
2538100
2538580
2538670
2538860
2539180
2540770
2541150
2541440
2542650
2542800
2544190
2544650
2544670
2546410
2546520
2546940
2547400
2553530
2554000
2555870
2556730
2556740
2557030
2557510
2557530
2557690
2560590
2561060
2561860
2563800
2564880
2565450
2568810
2570630
2570830
2571770
2572240
2573340
2573750
2574320
2576550
2576680
2577550
2578340
2578420
2578770
2579500
2581420
2584340
2585100
2585490
2586100
2587890
2588810
2589550
2591130
2591830
2593140
2594580
2595270
2596270
2596880
2597110
2597150
2598130
2601190
2602290
2602360
2603740
2604360
2604590
2604850
2604950
2605350
2605400
2605600
2606710
2607700
2608320
2608710
2610410
2610970
2611360
2613830
2613860
2613940
2614080
2614430
2614970
2615050
2615120
2616670
2617300
2618550
2618560
2618710
2618770
2618910
2618940
2619190
2619740
2620460
2620500
2621290
2621320
2621460
2623410
2623430
2625610
2626220
2626410
2626730
2626960
2627770
2628110
2628200
2628420
2629950
2630070
2630130
2630140
2631040
2631960
2632320
2632900
2634140
2634200
2634730
2634770
2635830
2636410
2636960
2638340
2638610
2638670
2639560
2639750
2640360
2640800
2640910
2643960
2644670
2646270
2647560
2650820
2650830
2651580
2652070
2653150
2653390
2653860
2653980
2654080
2656310
2656410
2656990
2657750
2657850
2658070
2659190
2659580
2660130
2661160
2661290
2661450
2661740
2661900
2661920
2661930
2663650
2665400
2665490
2665700
2666350
2666440
2666720
2667000
2667240
2668120
2668950
2669390
2669490
2671800
2673510
2673660
2673690
2674720
2674990
2678460
2679640
2679860
2680450
2681260
2681270
2682910
2683190
2683200
2683210
2683460
2683760
2683770
2684230
2684420
2684430
2685300
2685810
2686670
2687130
2688730
2693430
2694390
2694400
2694440
2694480
2694740
2695020
2697060
2697410
2698680
2698840
2699030
2699250
2700130
2700250
2701410
2702010
2702220
2703790
2704300
2707610
2708720
2714090
2716120
2716690
2717140
2717250
2717810
2718130
2718820
2719150
2720210
2720340
2722530
2723270
2723800
2723880
2724140
2724400
2724620
2725060
2726450
2726470
2727570
2728790
2728920
2729520
2729670
2729940
2730170
2730690
2731200
2731480
2731910
2733160
2733260
2734310
2734380
2735070
2735190
2739120
2740310
2742890
2743970
2744550
2744620
2744640
2744670
2744730
2744870
2745080
2745400
2746140
2747540
2748590
2748690
2748930
2749130
2750320
2753250
2753290
2755320
2755460
2755700
2756520
2758350
2758380
2758580
2758920
2760900
2760970
2761010
2761200
2762170
2762230
2762440
2762820
2763200
2763440
2763670
2763780
2764100
2764350
2764650
2765760
2766590
2769170
2770030
2770320
2771580
2771670
2772120
2772370
2772380
2772890
2774530
2775220
2776630
2777140
2777890
2779270
2779710
2779930
2780410
2780760
2781490
2781740
2782250
2782600
2782940
2783000
2783120
2783410
2783430
2784800
2786060
2786270
2786280
2786350
2787370
2788070
2789790
2790180
2791010
2791130
2791890
2792660
2792740
2793380
2795970
2796240
2797190
2797200
2797400
2798260
2798680
2802410
2803220
2803530
2805040
2805580
2805840
2806960
2807390
2807450
2808210
2809170
2809810
2809920
2810030
2810480
2810670
2811120
2811810
2812260
2814660
2815800
2816520
2816530
2817070
2817510
2817970
2818350
2819950
2821370
2822590
2822700
2823070
2823270
2823340
2823360
2823860
2823930
2826110
2826640
2826650
2829910
2830550
2831200
2832630
2832820
2833470
2834870
2835090
2835550
2836980
2837170
2838800
2839070
2839310
2840080
2840450
2841410
2841760
2843050
2843500
2845240
2846040
2846860
2847300
2848160
2848880
2849590
2850000
2850140
2850860
2851420
2852920
2853070
2853470
2855830
2856700
2857690
2858790
2859670
2859700
2860170
2860200
2860220
2860390
2862400
2862560
2862660
2862780
2863530
2864220
2865890
2865950
2866000
2870510
2870660
2872700
2872740
2872950
2873270
2873960
2874520
2874680
2874870
2874990
2875030
2876190
2876790
2877760
2878280
2878860
2879650
2880990
2881430
2882330
2882490
2882700
2882810
2883220
2883280
2883380
2884050
2885570
2885580
2885990
2888660
2889960
2890720
2891300
2891440
2891520
2891960
2894230
2895300
2896000
2896200
2897920
2898300
2899510
2899930
2899990
2900840
2901280
2901820
2902300
2902490
2902790
2903100
2905120
2905960
2906880
2907530
2907850
2907880
2909890
2910740
2910930
2911670
2912100
2914090
2914880
2914960
2915680
2915920
2916390
2916460
2917640
2917850
2918430
2919420
2919650
2919680
2919770
2919860
2922030
2922680
2924960
2925510
2927900
2927960
2928390
2928790
2928840
2928890
2928950
2929510
2929520
2929970
2929990
2930520
2930650
2934230
2934650
2935020
2935380
2935610
2935870
2936720
2936790
2937380
2937620
2937650
2938230
2938490
2938550
2940020
2941490
2941730
2942430
2942730
2943130
2943260
2944430
2945350
2946440
2947450
2947690
2949780
2950030
2950430
2950480
2952110
2953180
2953240
2953670
2953680
2953910
2954740
2955460
2955600
2955740
2957150
2957280
2959360
2959760
2959960
2960080
2960690
2960790
2961960
2962000
2962060
2962860
2964420
2966250
2966500
2966560
2966710
2967050
2968710
2971530
2971660
2971770
2972300
2972910
2972960
2973490
2974050
2974530
2974630
2976300
2976510
2976630
2976710
2977140
2978740
2979560
2979650
2979710
2980330
2980860
2982280
2982820
2983420
2984090
2984410
2988690
2989450
2990420
2990580
2993150
2993350
2993490
2993740
2994110
2994800
2995310
2998480
2998670
2999860
2999910
3002800
3002870
3002900
3004640
3005040
3005080
3005380
3005450
3006390
3006590
3006990
3007070
3007660
3008560
3008790
3008930
3009760
3009880
3011900
3012530
3014510
3016120
3016730
3018040
3019010
3019370
3020020
3020210
3020880
3021010
3021200
3021690
3021750
3021790
3022400
3022590
3022860
3023450
3023580
3023740
3024440
3024460
3025420
3025830
3026350
3026410
3026480
3026660
3026840
3027660
3028070
3028450
3028840
3030000
3031650
3032490
3032910
3033470
3033860
3034040
3035370
3035440
3035900
3035940
3036240
3036820
3037250
3037420
3037550
3038660
3038810
3039420
3039740
3039770
3040060
3040750
3041020
3041480
3041530
3042020
3042170
3042430
3042570
3044200
3045080
3046860
3047580
3049760
3050360
3051860
3052490
3054830
3055330
3055550
3056600
3056890
3057010
3057790
3057900
3058090
3058930
3060300
3061050
3062090
3062580
3064010
3064270
3064430
3064830
3065860
3068390
3068690
3071270
3071570
3072750
3072840
3073130
3073860
3074090
3077280
3078260
3080200
3080300
3081190
3081660
3082200
3082380
3082600
3083090
3083960
3084510
3086980
3090920
3091100
3091250
3091310
3093590
3093860
3095590
3096400
3097000
3100880
3101920
3103410
3104990
3105390
3107540
3108760
3114470
3115210
3118550
3120090
3121120
3122210
3122260
3122660
3124010
3125260
3128450
3129690
330420
343690
363920
369620
388490
454190
466800
467090
473540
485100
498310
513720
517960
552180
563750
567780
579230
581840
590660
591000
618990
652340
658220
660760
666090
672860
679100
695560
700920
701680
71000
712880
716070
717710
726840
731350
731820
734450
740310
754240
755340
771420
787980
789130
789210
799340
801950
802920
803930
805920
806790
818620
824090
835450
835640
838990
840110
840280
845700
845940
846030
850740
857210
859960
861960
863230
863330
864190
866400
873830
874560
881470
892840
897110
901000
904640
906450
912970
913820
917970
924870
928660
940920
941400
941640
948220
949730
951670
956910
960070
961190
965050
975150
976030
977010
980160
980440
982100
983580
992860
